bsforth.bin
0000 15 0 0 0 0020 00000004
j
0000 0000 0000 0000 0000 0000 0000 0000 0000 0000 0000 0000 0000 0000 0000 0000 
0020
0020 01 d 0 9 9000 00000009
addi
0000 0000 0000 0000 0000 0000 0000 0000 0000 0000 0000 0000 0000 9000 0000 0000 
0022
0022 01 e 0 8 8000 0000000f
addi
0000 0000 0000 0000 0000 0000 0000 0000 0000 0000 0000 0000 0000 9000 8000 0000 
0024
0024 01 1 0 b babe 00000015
addi
0000 babe 0000 0000 0000 0000 0000 0000 0000 0000 0000 0000 0000 9000 8000 0000 
0026
0026 01 e e f ffff 0000001b
addi
0000 babe 0000 0000 0000 0000 0000 0000 0000 0000 0000 0000 0000 9000 7fff 0000 
0028
0028 1a 1 e 0 0000 00000021
sw
7fff 0000 babe
0000 babe 0000 0000 0000 0000 0000 0000 0000 0000 0000 0000 0000 9000 7fff 0000 
002a
002a 01 a 0 0 0036 00000027
addi
0000 babe 0000 0000 0000 0000 0000 0000 0000 0000 0036 0000 0000 9000 7fff 0000 
002c
002c 19 b a 0 0000 0000002d
lw
0036 0040
0000 babe 0000 0000 0000 0000 0000 0000 0000 0000 0036 0040 0000 9000 7fff 0000 
002e
002e 01 a a 0 0001 00000033
addi
0000 babe 0000 0000 0000 0000 0000 0000 0000 0000 0037 0040 0000 9000 7fff 0000 
0030
0030 19 c b 0 0000 00000039
lw
0040 0010
0000 babe 0000 0000 0000 0000 0000 0000 0000 0000 0037 0040 0010 9000 7fff 0000 
0032
0032 16 0 0 c c000 0000003f
jr
0000 babe 0000 0000 0000 0000 0000 0000 0000 0000 0037 0040 0010 9000 7fff 0000 
0010
0010 01 d d f ffff 00000044
addi
0000 babe 0000 0000 0000 0000 0000 0000 0000 0000 0037 0040 0010 8fff 7fff 0000 
0012
0012 1a a d 0 0000 0000004a
sw
8fff 0000 0037
0000 babe 0000 0000 0000 0000 0000 0000 0000 0000 0037 0040 0010 8fff 7fff 0000 
0014
0014 01 b b 0 0001 00000050
addi
0000 babe 0000 0000 0000 0000 0000 0000 0000 0000 0037 0041 0010 8fff 7fff 0000 
0016
0016 00 a b 0 0000 00000056
add
0000 babe 0000 0000 0000 0000 0000 0000 0000 0000 0041 0041 0010 8fff 7fff 0000 
0018
0018 19 b a 0 0000 0000005c
lw
0041 0084
0000 babe 0000 0000 0000 0000 0000 0000 0000 0000 0041 0084 0010 8fff 7fff 0000 
001a
001a 01 a a 0 0001 00000062
addi
0000 babe 0000 0000 0000 0000 0000 0000 0000 0000 0042 0084 0010 8fff 7fff 0000 
001c
001c 19 c b 0 0000 00000068
lw
0084 0086
0000 babe 0000 0000 0000 0000 0000 0000 0000 0000 0042 0084 0086 8fff 7fff 0000 
001e
001e 16 0 0 c c000 0000006e
jr
0000 babe 0000 0000 0000 0000 0000 0000 0000 0000 0042 0084 0086 8fff 7fff 0000 
0086
0086 19 1 e 0 0000 00000073
lw
7fff babe
0000 babe 0000 0000 0000 0000 0000 0000 0000 0000 0042 0084 0086 8fff 7fff 0000 
0088
0088 01 e e f ffff 00000079
addi
0000 babe 0000 0000 0000 0000 0000 0000 0000 0000 0042 0084 0086 8fff 7ffe 0000 
008a
008a 1a 1 e 0 0000 0000007f
sw
7ffe 0000 babe
0000 babe 0000 0000 0000 0000 0000 0000 0000 0000 0042 0084 0086 8fff 7ffe 0000 
008c
008c 19 b a 0 0000 00000085
lw
0042 0232
0000 babe 0000 0000 0000 0000 0000 0000 0000 0000 0042 0232 0086 8fff 7ffe 0000 
008e
008e 01 a a 0 0001 0000008b
addi
0000 babe 0000 0000 0000 0000 0000 0000 0000 0000 0043 0232 0086 8fff 7ffe 0000 
0090
0090 19 c b 0 0000 00000091
lw
0232 0234
0000 babe 0000 0000 0000 0000 0000 0000 0000 0000 0043 0232 0234 8fff 7ffe 0000 
0092
0092 16 0 0 c c000 00000097
jr
0000 babe 0000 0000 0000 0000 0000 0000 0000 0000 0043 0232 0234 8fff 7ffe 0000 
0234
0234 19 a d 0 0000 0000009c
lw
8fff 0037
0000 babe 0000 0000 0000 0000 0000 0000 0000 0000 0037 0232 0234 8fff 7ffe 0000 
0236
0236 01 d d 0 0001 000000a2
addi
0000 babe 0000 0000 0000 0000 0000 0000 0000 0000 0037 0232 0234 9000 7ffe 0000 
0238
0238 19 b a 0 0000 000000a8
lw
0037 004c
0000 babe 0000 0000 0000 0000 0000 0000 0000 0000 0037 004c 0234 9000 7ffe 0000 
023a
023a 01 a a 0 0001 000000ae
addi
0000 babe 0000 0000 0000 0000 0000 0000 0000 0000 0038 004c 0234 9000 7ffe 0000 
023c
023c 19 c b 0 0000 000000b4
lw
004c 004e
0000 babe 0000 0000 0000 0000 0000 0000 0000 0000 0038 004c 004e 9000 7ffe 0000 
023e
023e 16 0 0 c c000 000000ba
jr
0000 babe 0000 0000 0000 0000 0000 0000 0000 0000 0038 004c 004e 9000 7ffe 0000 
004e
004e 1f 0 0 0 0000 000000bf
halt
0000 babe 0000 0000 0000 0000 0000 0000 0000 0000 0038 004c 004e 9000 7ffe 0000 
0050

read mem
0000 00000001 1500
0001 00000001 0020
0010 00000001 01dd
0011 00000001 ffff
0012 00000001 1aad
0013 00000001 0000
0014 00000001 01bb
0015 00000001 0001
0016 00000001 00ab
0017 00000001 0000
0018 00000001 19ba
0019 00000001 0000
001a 00000001 01aa
001b 00000001 0001
001c 00000001 19cb
001d 00000001 0000
001e 00000001 1600
001f 00000001 c000
0020 00000001 01d0
0021 00000001 9000
0022 00000001 01e0
0023 00000001 8000
0024 00000001 0110
0025 00000001 babe
0026 00000001 01ee
0027 00000001 ffff
0028 00000001 1a1e
0029 00000001 0000
002a 00000001 01a0
002b 00000001 0036
002c 00000001 19ba
002d 00000001 0000
002e 00000001 01aa
002f 00000001 0001
0030 00000001 19cb
0031 00000001 0000
0032 00000001 1600
0033 00000001 c000
0036 00000002 0040
0037 00000002 004c
0040 00000002 0010
0041 00000002 0084
0042 00000002 0232
004c 00000002 004e
004e 00000001 1f00
004f 00000001 0000
0084 00000002 0086
0086 00000001 191e
0087 00000001 0000
0088 00000001 01ee
0089 00000001 ffff
008a 00000001 1a1e
008b 00000001 0000
008c 00000001 19ba
008d 00000001 0000
008e 00000001 01aa
008f 00000001 0001
0090 00000001 19cb
0091 00000001 0000
0092 00000001 1600
0093 00000001 c000
0232 00000002 0234
0234 00000001 19ad
0235 00000001 0000
0236 00000001 01dd
0237 00000001 0001
0238 00000001 19ba
0239 00000001 0000
023a 00000001 01aa
023b 00000001 0001
023c 00000001 19cb
023d 00000001 0000
023e 00000001 1600
023f 00000001 c000
7ffe 00000001 babe
7fff 00000003 babe
8fff 00000003 0037


write mem
7ffe 00000001 babe
7fff 00000001 babe
8fff 00000001 0037

